    [0, 20, 30, 10, 25, 25, 18, 22, 34, 42, 28, 36],
    [20, 0, 15, 25, 40, 27, 35, 19, 45, 38, 33, 44],
    [30, 15, 0, 35, 29, 33, 44, 45, 50, 55, 38, 47],
    [10, 25, 35, 0, 30, 36, 28, 47, 50, 60, 42, 53],
    [25, 40, 29, 30, 0, 41, 37, 52, 58, 60, 49, 57],
    [25, 27, 33, 36, 41, 0, 12, 18, 49, 53, 37, 46],
    [18, 35, 44, 28, 37, 12, 0, 22, 28, 59, 31, 42],
    [22, 19, 45, 47, 52, 18, 22, 0, 51, 32, 40, 48],
    [34, 45, 50, 50, 58, 49, 28, 51, 0, 40, 45, 55],
    [42, 38, 55, 60, 60, 53, 59, 32, 40, 0, 50, 58],
    [28, 33, 38, 42, 49, 37, 31, 40, 45, 50, 0, 25],
    [36, 44, 47, 53, 57, 46, 42, 48, 55, 58, 25, 0]